Conductive 1D, scenario= 1 n=   9 deltaT=  0.25 deltaX=  1.00 eta=  0.25
time step=    0 t=    0.00 metal=  0.0000  0.0000  0.0000  0.0000  1.0000  0.0000  0.0000  0.0000  0.0000 
time step=    1 t=    0.25 metal=  0.0000  0.0000  0.0000  0.2500  0.5000  0.2500  0.0000  0.0000  0.0000 
time step=    2 t=    0.50 metal=  0.0000  0.0000  0.0625  0.2500  0.3750  0.2500  0.0625  0.0000  0.0000 
time step=    3 t=    0.75 metal=  0.0000  0.0156  0.0938  0.2344  0.3125  0.2344  0.0938  0.0156  0.0000 
time step=    4 t=    1.00 metal=  0.0039  0.0312  0.1094  0.2188  0.2734  0.2188  0.1094  0.0312  0.0039 
time step=    5 t=    1.25 metal=  0.0098  0.0439  0.1172  0.2051  0.2461  0.2051  0.1172  0.0439  0.0098 
time step=    6 t=    1.50 metal=  0.0159  0.0537  0.1208  0.1934  0.2256  0.1934  0.1208  0.0537  0.0159 
time step=    7 t=    1.75 metal=  0.0214  0.0610  0.1222  0.1833  0.2095  0.1833  0.1222  0.0610  0.0214 
time step=    8 t=    2.00 metal=  0.0259  0.0664  0.1222  0.1746  0.1964  0.1746  0.1222  0.0664  0.0259 
time step=    9 t=    2.25 metal=  0.0296  0.0702  0.1213  0.1669  0.1855  0.1669  0.1213  0.0702  0.0296 
time step=   10 t=    2.50 metal=  0.0323  0.0728  0.1200  0.1602  0.1762  0.1602  0.1200  0.0728  0.0323 
time step=   11 t=    2.75 metal=  0.0344  0.0745  0.1182  0.1541  0.1682  0.1541  0.1182  0.0745  0.0344 
time step=   12 t=    3.00 metal=  0.0358  0.0754  0.1163  0.1487  0.1611  0.1487  0.1163  0.0754  0.0358 
time step=   13 t=    3.25 metal=  0.0368  0.0757  0.1141  0.1437  0.1549  0.1437  0.1141  0.0757  0.0368 
time step=   14 t=    3.50 metal=  0.0373  0.0756  0.1119  0.1391  0.1493  0.1391  0.1119  0.0756  0.0373 
time step=   15 t=    3.75 metal=  0.0376  0.0751  0.1096  0.1349  0.1442  0.1349  0.1096  0.0751  0.0376 
time step=   16 t=    4.00 metal=  0.0376  0.0743  0.1073  0.1309  0.1395  0.1309  0.1073  0.0743  0.0376 
time step=   17 t=    4.25 metal=  0.0374  0.0734  0.1050  0.1272  0.1352  0.1272  0.1050  0.0734  0.0374 
time step=   18 t=    4.50 metal=  0.0370  0.0723  0.1026  0.1236  0.1312  0.1236  0.1026  0.0723  0.0370 
time step=   19 t=    4.75 metal=  0.0366  0.0710  0.1003  0.1203  0.1274  0.1203  0.1003  0.0710  0.0366 
time step=   20 t=    5.00 metal=  0.0361  0.0697  0.0980  0.1170  0.1238  0.1170  0.0980  0.0697  0.0361 
time step=   21 t=    5.25 metal=  0.0355  0.0684  0.0957  0.1140  0.1204  0.1140  0.0957  0.0684  0.0355 
time step=   22 t=    5.50 metal=  0.0348  0.0670  0.0934  0.1110  0.1172  0.1110  0.0934  0.0670  0.0348 
time step=   23 t=    5.75 metal=  0.0342  0.0656  0.0912  0.1082  0.1141  0.1082  0.0912  0.0656  0.0342 
time step=   24 t=    6.00 metal=  0.0335  0.0641  0.0890  0.1054  0.1111  0.1054  0.0890  0.0641  0.0335 
time step=   25 t=    6.25 metal=  0.0328  0.0627  0.0869  0.1028  0.1083  0.1028  0.0869  0.0627  0.0328 
time step=   26 t=    6.50 metal=  0.0321  0.0613  0.0848  0.1002  0.1055  0.1002  0.0848  0.0613  0.0321 
time step=   27 t=    6.75 metal=  0.0313  0.0598  0.0828  0.0977  0.1028  0.0977  0.0828  0.0598  0.0313 
time step=   28 t=    7.00 metal=  0.0306  0.0584  0.0808  0.0952  0.1003  0.0952  0.0808  0.0584  0.0306 
time step=   29 t=    7.25 metal=  0.0299  0.0571  0.0788  0.0929  0.0977  0.0929  0.0788  0.0571  0.0299 
time step=   30 t=    7.50 metal=  0.0292  0.0557  0.0769  0.0906  0.0953  0.0906  0.0769  0.0557  0.0292 
time step=   31 t=    7.75 metal=  0.0285  0.0544  0.0750  0.0883  0.0929  0.0883  0.0750  0.0544  0.0285 
time step=   32 t=    8.00 metal=  0.0279  0.0531  0.0732  0.0862  0.0906  0.0862  0.0732  0.0531  0.0279 
time step=   33 t=    8.25 metal=  0.0272  0.0518  0.0714  0.0840  0.0884  0.0840  0.0714  0.0518  0.0272 
time step=   34 t=    8.50 metal=  0.0266  0.0506  0.0697  0.0820  0.0862  0.0820  0.0697  0.0506  0.0266 
time step=   35 t=    8.75 metal=  0.0259  0.0493  0.0680  0.0800  0.0841  0.0800  0.0680  0.0493  0.0259 
time step=   36 t=    9.00 metal=  0.0253  0.0481  0.0663  0.0780  0.0820  0.0780  0.0663  0.0481  0.0253 
time step=   37 t=    9.25 metal=  0.0247  0.0470  0.0647  0.0761  0.0800  0.0761  0.0647  0.0470  0.0247 
time step=   38 t=    9.50 metal=  0.0241  0.0458  0.0631  0.0742  0.0780  0.0742  0.0631  0.0458  0.0241 
time step=   39 t=    9.75 metal=  0.0235  0.0447  0.0616  0.0724  0.0761  0.0724  0.0616  0.0447  0.0235 
time step=   40 t=   10.00 metal=  0.0229  0.0436  0.0601  0.0706  0.0743  0.0706  0.0601  0.0436  0.0229 
time step=   41 t=   10.25 metal=  0.0224  0.0426  0.0586  0.0689  0.0724  0.0689  0.0586  0.0426  0.0224 
time step=   42 t=   10.50 metal=  0.0218  0.0415  0.0572  0.0672  0.0707  0.0672  0.0572  0.0415  0.0218 
time step=   43 t=   10.75 metal=  0.0213  0.0405  0.0558  0.0656  0.0689  0.0656  0.0558  0.0405  0.0213 
time step=   44 t=   11.00 metal=  0.0208  0.0395  0.0544  0.0639  0.0672  0.0639  0.0544  0.0395  0.0208 
time step=   45 t=   11.25 metal=  0.0203  0.0385  0.0531  0.0624  0.0656  0.0624  0.0531  0.0385  0.0203 
time step=   46 t=   11.50 metal=  0.0198  0.0376  0.0518  0.0609  0.0640  0.0609  0.0518  0.0376  0.0198 
time step=   47 t=   11.75 metal=  0.0193  0.0367  0.0505  0.0594  0.0624  0.0594  0.0505  0.0367  0.0193 
time step=   48 t=   12.00 metal=  0.0188  0.0358  0.0493  0.0579  0.0609  0.0579  0.0493  0.0358  0.0188 
time step=   49 t=   12.25 metal=  0.0184  0.0349  0.0481  0.0565  0.0594  0.0565  0.0481  0.0349  0.0184 
time step=   50 t=   12.50 metal=  0.0179  0.0341  0.0469  0.0551  0.0579  0.0551  0.0469  0.0341  0.0179 
time step=   51 t=   12.75 metal=  0.0175  0.0332  0.0457  0.0538  0.0565  0.0538  0.0457  0.0332  0.0175 
time step=   52 t=   13.00 metal=  0.0170  0.0324  0.0446  0.0524  0.0551  0.0524  0.0446  0.0324  0.0170 
time step=   53 t=   13.25 metal=  0.0166  0.0316  0.0435  0.0512  0.0538  0.0512  0.0435  0.0316  0.0166 
time step=   54 t=   13.50 metal=  0.0162  0.0308  0.0425  0.0499  0.0525  0.0499  0.0425  0.0308  0.0162 
time step=   55 t=   13.75 metal=  0.0158  0.0301  0.0414  0.0487  0.0512  0.0487  0.0414  0.0301  0.0158 
time step=   56 t=   14.00 metal=  0.0154  0.0294  0.0404  0.0475  0.0499  0.0475  0.0404  0.0294  0.0154 
time step=   57 t=   14.25 metal=  0.0151  0.0286  0.0394  0.0463  0.0487  0.0463  0.0394  0.0286  0.0151 
time step=   58 t=   14.50 metal=  0.0147  0.0279  0.0385  0.0452  0.0475  0.0452  0.0385  0.0279  0.0147 
time step=   59 t=   14.75 metal=  0.0143  0.0273  0.0375  0.0441  0.0464  0.0441  0.0375  0.0273  0.0143 
time step=   60 t=   15.00 metal=  0.0140  0.0266  0.0366  0.0430  0.0452  0.0430  0.0366  0.0266  0.0140 
time step=   61 t=   15.25 metal=  0.0136  0.0259  0.0357  0.0420  0.0441  0.0420  0.0357  0.0259  0.0136 
time step=   62 t=   15.50 metal=  0.0133  0.0253  0.0348  0.0409  0.0430  0.0409  0.0348  0.0253  0.0133 
time step=   63 t=   15.75 metal=  0.0130  0.0247  0.0340  0.0399  0.0420  0.0399  0.0340  0.0247  0.0130 
time step=   64 t=   16.00 metal=  0.0127  0.0241  0.0331  0.0390  0.0410  0.0390  0.0331  0.0241  0.0127 
time step=   65 t=   16.25 metal=  0.0123  0.0235  0.0323  0.0380  0.0400  0.0380  0.0323  0.0235  0.0123 
time step=   66 t=   16.50 metal=  0.0120  0.0229  0.0315  0.0371  0.0390  0.0371  0.0315  0.0229  0.0120 
time step=   67 t=   16.75 metal=  0.0118  0.0224  0.0308  0.0362  0.0380  0.0362  0.0308  0.0224  0.0118 
time step=   68 t=   17.00 metal=  0.0115  0.0218  0.0300  0.0353  0.0371  0.0353  0.0300  0.0218  0.0115 
time step=   69 t=   17.25 metal=  0.0112  0.0213  0.0293  0.0344  0.0362  0.0344  0.0293  0.0213  0.0112 
time step=   70 t=   17.50 metal=  0.0109  0.0208  0.0286  0.0336  0.0353  0.0336  0.0286  0.0208  0.0109 
time step=   71 t=   17.75 metal=  0.0106  0.0202  0.0279  0.0328  0.0344  0.0328  0.0279  0.0202  0.0106 
time step=   72 t=   18.00 metal=  0.0104  0.0197  0.0272  0.0320  0.0336  0.0320  0.0272  0.0197  0.0104 
time step=   73 t=   18.25 metal=  0.0101  0.0193  0.0265  0.0312  0.0328  0.0312  0.0265  0.0193  0.0101 
time step=   74 t=   18.50 metal=  0.0099  0.0188  0.0259  0.0304  0.0320  0.0304  0.0259  0.0188  0.0099 
time step=   75 t=   18.75 metal=  0.0096  0.0183  0.0252  0.0297  0.0312  0.0297  0.0252  0.0183  0.0096 
time step=   76 t=   19.00 metal=  0.0094  0.0179  0.0246  0.0289  0.0304  0.0289  0.0246  0.0179  0.0094 
time step=   77 t=   19.25 metal=  0.0092  0.0174  0.0240  0.0282  0.0297  0.0282  0.0240  0.0174  0.0092 
time step=   78 t=   19.50 metal=  0.0089  0.0170  0.0234  0.0275  0.0290  0.0275  0.0234  0.0170  0.0089 
time step=   79 t=   19.75 metal=  0.0087  0.0166  0.0229  0.0269  0.0282  0.0269  0.0229  0.0166  0.0087 
time step=   80 t=   20.00 metal=  0.0085  0.0162  0.0223  0.0262  0.0276  0.0262  0.0223  0.0162  0.0085 
time step=   81 t=   20.25 metal=  0.0083  0.0158  0.0217  0.0256  0.0269  0.0256  0.0217  0.0158  0.0083 
time step=   82 t=   20.50 metal=  0.0081  0.0154  0.0212  0.0249  0.0262  0.0249  0.0212  0.0154  0.0081 
time step=   83 t=   20.75 metal=  0.0079  0.0150  0.0207  0.0243  0.0256  0.0243  0.0207  0.0150  0.0079 
time step=   84 t=   21.00 metal=  0.0077  0.0147  0.0202  0.0237  0.0250  0.0237  0.0202  0.0147  0.0077 
time step=   85 t=   21.25 metal=  0.0075  0.0143  0.0197  0.0232  0.0243  0.0232  0.0197  0.0143  0.0075 
time step=   86 t=   21.50 metal=  0.0073  0.0140  0.0192  0.0226  0.0237  0.0226  0.0192  0.0140  0.0073 
time step=   87 t=   21.75 metal=  0.0072  0.0136  0.0187  0.0220  0.0232  0.0220  0.0187  0.0136  0.0072 
time step=   88 t=   22.00 metal=  0.0070  0.0133  0.0183  0.0215  0.0226  0.0215  0.0183  0.0133  0.0070 
time step=   89 t=   22.25 metal=  0.0068  0.0130  0.0178  0.0210  0.0220  0.0210  0.0178  0.0130  0.0068 
time step=   90 t=   22.50 metal=  0.0066  0.0126  0.0174  0.0205  0.0215  0.0205  0.0174  0.0126  0.0066 
time step=   91 t=   22.75 metal=  0.0065  0.0123  0.0170  0.0200  0.0210  0.0200  0.0170  0.0123  0.0065 
time step=   92 t=   23.00 metal=  0.0063  0.0120  0.0166  0.0195  0.0205  0.0195  0.0166  0.0120  0.0063 
time step=   93 t=   23.25 metal=  0.0062  0.0117  0.0162  0.0190  0.0200  0.0190  0.0162  0.0117  0.0062 
time step=   94 t=   23.50 metal=  0.0060  0.0114  0.0158  0.0185  0.0195  0.0185  0.0158  0.0114  0.0060 
time step=   95 t=   23.75 metal=  0.0059  0.0112  0.0154  0.0181  0.0190  0.0181  0.0154  0.0112  0.0059 
time step=   96 t=   24.00 metal=  0.0057  0.0109  0.0150  0.0176  0.0185  0.0176  0.0150  0.0109  0.0057 
time step=   97 t=   24.25 metal=  0.0056  0.0106  0.0146  0.0172  0.0181  0.0172  0.0146  0.0106  0.0056 
time step=   98 t=   24.50 metal=  0.0055  0.0104  0.0143  0.0168  0.0176  0.0168  0.0143  0.0104  0.0055 
time step=   99 t=   24.75 metal=  0.0053  0.0101  0.0139  0.0164  0.0172  0.0164  0.0139  0.0101  0.0053 
time step=  100 t=   25.00 metal=  0.0052  0.0099  0.0136  0.0160  0.0168  0.0160  0.0136  0.0099  0.0052 

Conductive 1D, scenario= 4 n=   9 deltaT=  0.25 deltaX=  1.00 eta=  0.25
time step=    0 t=    0.00 metal=  0.0000  0.0000  0.0000  0.0000  0.0000  1.0000  0.0000  1.0000  0.0000 
time step=    1 t=    0.25 metal=  0.0000  0.0000  0.0000  0.0000  0.2500  0.5000  0.5000  0.5000  0.2500 
time step=    2 t=    0.50 metal=  0.0000  0.0000  0.0000  0.0625  0.2500  0.4375  0.5000  0.4375  0.2500 
time step=    3 t=    0.75 metal=  0.0000  0.0000  0.0156  0.0938  0.2500  0.4062  0.4688  0.4062  0.2344 
time step=    4 t=    1.00 metal=  0.0000  0.0039  0.0312  0.1133  0.2500  0.3828  0.4375  0.3789  0.2188 
time step=    5 t=    1.25 metal=  0.0010  0.0098  0.0449  0.1270  0.2490  0.3633  0.4092  0.3535  0.2041 
time step=    6 t=    1.50 metal=  0.0029  0.0164  0.0566  0.1370  0.2471  0.3462  0.3838  0.3301  0.1904 
time step=    7 t=    1.75 metal=  0.0056  0.0231  0.0667  0.1444  0.2443  0.3308  0.3610  0.3086  0.1777 
time step=    8 t=    2.00 metal=  0.0085  0.0296  0.0752  0.1499  0.2410  0.3167  0.3403  0.2890  0.1660 
time step=    9 t=    2.25 metal=  0.0117  0.0357  0.0825  0.1540  0.2372  0.3037  0.3216  0.2711  0.1553 
time step=   10 t=    2.50 metal=  0.0148  0.0414  0.0887  0.1569  0.2330  0.2915  0.3045  0.2547  0.1454 
time step=   11 t=    2.75 metal=  0.0177  0.0466  0.0939  0.1589  0.2286  0.2801  0.2888  0.2398  0.1364 
time step=   12 t=    3.00 metal=  0.0205  0.0512  0.0983  0.1601  0.2241  0.2694  0.2744  0.2262  0.1282 
time step=   13 t=    3.25 metal=  0.0231  0.0553  0.1020  0.1606  0.2194  0.2593  0.2611  0.2137  0.1206 
time step=   14 t=    3.50 metal=  0.0254  0.0589  0.1050  0.1607  0.2147  0.2498  0.2488  0.2023  0.1138 
time step=   15 t=    3.75 metal=  0.0274  0.0620  0.1074  0.1602  0.2100  0.2408  0.2374  0.1918  0.1075 
time step=   16 t=    4.00 metal=  0.0292  0.0647  0.1093  0.1595  0.2052  0.2322  0.2269  0.1821  0.1017 
time step=   17 t=    4.25 metal=  0.0308  0.0670  0.1107  0.1584  0.2005  0.2241  0.2170  0.1732  0.0964 
time step=   18 t=    4.50 metal=  0.0321  0.0689  0.1117  0.1570  0.1959  0.2165  0.2078  0.1649  0.0915 
time step=   19 t=    4.75 metal=  0.0333  0.0704  0.1123  0.1554  0.1913  0.2092  0.1993  0.1573  0.0870 
time step=   20 t=    5.00 metal=  0.0342  0.0716  0.1126  0.1536  0.1868  0.2022  0.1913  0.1502  0.0828 
time step=   21 t=    5.25 metal=  0.0350  0.0725  0.1126  0.1516  0.1823  0.1956  0.1837  0.1436  0.0790 
time step=   22 t=    5.50 metal=  0.0356  0.0731  0.1123  0.1496  0.1780  0.1893  0.1767  0.1375  0.0754 
time step=   23 t=    5.75 metal=  0.0361  0.0736  0.1118  0.1474  0.1737  0.1833  0.1700  0.1318  0.0721 
time step=   24 t=    6.00 metal=  0.0364  0.0738  0.1111  0.1451  0.1695  0.1776  0.1638  0.1264  0.0690 
time step=   25 t=    6.25 metal=  0.0367  0.0738  0.1103  0.1427  0.1654  0.1721  0.1579  0.1214  0.0661 
time step=   26 t=    6.50 metal=  0.0368  0.0736  0.1093  0.1403  0.1614  0.1669  0.1523  0.1167  0.0634 
time step=   27 t=    6.75 metal=  0.0368  0.0733  0.1081  0.1378  0.1575  0.1619  0.1471  0.1123  0.0609 
time step=   28 t=    7.00 metal=  0.0367  0.0729  0.1068  0.1353  0.1537  0.1571  0.1421  0.1081  0.0585 
time step=   29 t=    7.25 metal=  0.0366  0.0723  0.1055  0.1328  0.1499  0.1525  0.1373  0.1042  0.0563 
time step=   30 t=    7.50 metal=  0.0364  0.0717  0.1040  0.1302  0.1463  0.1481  0.1328  0.1005  0.0542 
time step=   31 t=    7.75 metal=  0.0361  0.0709  0.1025  0.1277  0.1427  0.1438  0.1286  0.0970  0.0522 
time step=   32 t=    8.00 metal=  0.0358  0.0701  0.1009  0.1252  0.1392  0.1397  0.1245  0.0937  0.0504 
time step=   33 t=    8.25 metal=  0.0354  0.0692  0.0993  0.1226  0.1358  0.1358  0.1206  0.0906  0.0486 
time step=   34 t=    8.50 metal=  0.0350  0.0683  0.0976  0.1201  0.1325  0.1320  0.1169  0.0876  0.0469 
time step=   35 t=    8.75 metal=  0.0346  0.0673  0.0959  0.1176  0.1293  0.1284  0.1133  0.0848  0.0454 
time step=   36 t=    9.00 metal=  0.0341  0.0663  0.0942  0.1151  0.1261  0.1248  0.1100  0.0821  0.0439 
time step=   37 t=    9.25 metal=  0.0336  0.0652  0.0924  0.1126  0.1230  0.1214  0.1067  0.0795  0.0425 
time step=   38 t=    9.50 metal=  0.0331  0.0641  0.0907  0.1102  0.1200  0.1182  0.1036  0.0770  0.0411 
time step=   39 t=    9.75 metal=  0.0326  0.0630  0.0889  0.1078  0.1171  0.1150  0.1006  0.0747  0.0398 
time step=   40 t=   10.00 metal=  0.0320  0.0619  0.0871  0.1054  0.1142  0.1119  0.0977  0.0724  0.0386 
time step=   41 t=   10.25 metal=  0.0315  0.0607  0.0854  0.1030  0.1114  0.1089  0.0949  0.0703  0.0374 
time step=   42 t=   10.50 metal=  0.0309  0.0596  0.0836  0.1007  0.1087  0.1061  0.0923  0.0682  0.0363 
time step=   43 t=   10.75 metal=  0.0304  0.0584  0.0819  0.0984  0.1061  0.1033  0.0897  0.0663  0.0352 
time step=   44 t=   11.00 metal=  0.0298  0.0573  0.0802  0.0962  0.1035  0.1006  0.0872  0.0644  0.0342 
time step=   45 t=   11.25 metal=  0.0292  0.0561  0.0785  0.0940  0.1009  0.0980  0.0849  0.0625  0.0332 
time step=   46 t=   11.50 metal=  0.0286  0.0550  0.0768  0.0919  0.0985  0.0954  0.0825  0.0608  0.0322 
time step=   47 t=   11.75 metal=  0.0281  0.0538  0.0751  0.0897  0.0960  0.0930  0.0803  0.0591  0.0313 
time step=   48 t=   12.00 metal=  0.0275  0.0527  0.0734  0.0876  0.0937  0.0906  0.0782  0.0574  0.0304 
time step=   49 t=   12.25 metal=  0.0269  0.0516  0.0718  0.0856  0.0914  0.0883  0.0761  0.0559  0.0296 
time step=   50 t=   12.50 metal=  0.0264  0.0505  0.0702  0.0836  0.0892  0.0860  0.0741  0.0543  0.0288 
time step=   51 t=   12.75 metal=  0.0258  0.0494  0.0686  0.0816  0.0870  0.0838  0.0721  0.0529  0.0280 
time step=   52 t=   13.00 metal=  0.0252  0.0483  0.0671  0.0797  0.0849  0.0817  0.0702  0.0515  0.0272 
time step=   53 t=   13.25 metal=  0.0247  0.0472  0.0655  0.0778  0.0828  0.0796  0.0684  0.0501  0.0265 
time step=   54 t=   13.50 metal=  0.0242  0.0462  0.0640  0.0760  0.0808  0.0776  0.0666  0.0488  0.0258 
time step=   55 t=   13.75 metal=  0.0236  0.0451  0.0626  0.0742  0.0788  0.0756  0.0649  0.0475  0.0251 
time step=   56 t=   14.00 metal=  0.0231  0.0441  0.0611  0.0724  0.0769  0.0737  0.0632  0.0462  0.0244 
time step=   57 t=   14.25 metal=  0.0226  0.0431  0.0597  0.0707  0.0750  0.0719  0.0616  0.0450  0.0238 
time step=   58 t=   14.50 metal=  0.0221  0.0421  0.0583  0.0690  0.0731  0.0701  0.0600  0.0439  0.0231 
time step=   59 t=   14.75 metal=  0.0216  0.0412  0.0569  0.0674  0.0713  0.0683  0.0585  0.0427  0.0225 
time step=   60 t=   15.00 metal=  0.0211  0.0402  0.0556  0.0658  0.0696  0.0666  0.0570  0.0416  0.0219 
time step=   61 t=   15.25 metal=  0.0206  0.0393  0.0543  0.0642  0.0679  0.0650  0.0556  0.0406  0.0214 
time step=   62 t=   15.50 metal=  0.0201  0.0384  0.0530  0.0626  0.0662  0.0634  0.0542  0.0395  0.0208 
time step=   63 t=   15.75 metal=  0.0196  0.0375  0.0517  0.0611  0.0646  0.0618  0.0528  0.0385  0.0203 
time step=   64 t=   16.00 metal=  0.0192  0.0366  0.0505  0.0597  0.0630  0.0602  0.0515  0.0375  0.0198 
time step=   65 t=   16.25 metal=  0.0187  0.0357  0.0493  0.0582  0.0615  0.0587  0.0502  0.0366  0.0193 
time step=   66 t=   16.50 metal=  0.0183  0.0349  0.0481  0.0568  0.0600  0.0573  0.0489  0.0356  0.0188 
time step=   67 t=   16.75 metal=  0.0179  0.0340  0.0470  0.0554  0.0585  0.0559  0.0477  0.0347  0.0183 
time step=   68 t=   17.00 metal=  0.0174  0.0332  0.0459  0.0541  0.0571  0.0545  0.0465  0.0339  0.0178 
time step=   69 t=   17.25 metal=  0.0170  0.0324  0.0448  0.0528  0.0557  0.0531  0.0453  0.0330  0.0174 
time step=   70 t=   17.50 metal=  0.0166  0.0317  0.0437  0.0515  0.0543  0.0518  0.0442  0.0322  0.0169 
time step=   71 t=   17.75 metal=  0.0162  0.0309  0.0426  0.0503  0.0530  0.0505  0.0431  0.0314  0.0165 
time step=   72 t=   18.00 metal=  0.0158  0.0302  0.0416  0.0490  0.0517  0.0493  0.0420  0.0306  0.0161 
time step=   73 t=   18.25 metal=  0.0155  0.0295  0.0406  0.0478  0.0504  0.0481  0.0410  0.0298  0.0157 
time step=   74 t=   18.50 metal=  0.0151  0.0287  0.0396  0.0467  0.0492  0.0469  0.0400  0.0291  0.0153 
time step=   75 t=   18.75 metal=  0.0147  0.0281  0.0387  0.0456  0.0480  0.0457  0.0390  0.0284  0.0149 
time step=   76 t=   19.00 metal=  0.0144  0.0274  0.0377  0.0444  0.0468  0.0446  0.0380  0.0277  0.0146 
time step=   77 t=   19.25 metal=  0.0140  0.0267  0.0368  0.0434  0.0457  0.0435  0.0371  0.0270  0.0142 
time step=   78 t=   19.50 metal=  0.0137  0.0261  0.0359  0.0423  0.0446  0.0424  0.0362  0.0263  0.0138 
time step=   79 t=   19.75 metal=  0.0134  0.0254  0.0351  0.0413  0.0435  0.0414  0.0353  0.0257  0.0135 
time step=   80 t=   20.00 metal=  0.0130  0.0248  0.0342  0.0403  0.0424  0.0404  0.0344  0.0250  0.0132 
time step=   81 t=   20.25 metal=  0.0127  0.0242  0.0334  0.0393  0.0414  0.0394  0.0336  0.0244  0.0128 
time step=   82 t=   20.50 metal=  0.0124  0.0236  0.0326  0.0383  0.0404  0.0384  0.0327  0.0238  0.0125 
time step=   83 t=   20.75 metal=  0.0121  0.0231  0.0318  0.0374  0.0394  0.0375  0.0319  0.0232  0.0122 
time step=   84 t=   21.00 metal=  0.0118  0.0225  0.0310  0.0365  0.0384  0.0366  0.0311  0.0226  0.0119 
time step=   85 t=   21.25 metal=  0.0115  0.0220  0.0303  0.0356  0.0375  0.0357  0.0304  0.0221  0.0116 
time step=   86 t=   21.50 metal=  0.0113  0.0214  0.0295  0.0347  0.0365  0.0348  0.0296  0.0215  0.0113 
time step=   87 t=   21.75 metal=  0.0110  0.0209  0.0288  0.0339  0.0357  0.0339  0.0289  0.0210  0.0110 
time step=   88 t=   22.00 metal=  0.0107  0.0204  0.0281  0.0331  0.0348  0.0331  0.0282  0.0205  0.0108 
time step=   89 t=   22.25 metal=  0.0105  0.0199  0.0274  0.0322  0.0339  0.0323  0.0275  0.0200  0.0105 
time step=   90 t=   22.50 metal=  0.0102  0.0194  0.0267  0.0315  0.0331  0.0315  0.0268  0.0195  0.0102 
time step=   91 t=   22.75 metal=  0.0100  0.0189  0.0261  0.0307  0.0323  0.0307  0.0262  0.0190  0.0100 
time step=   92 t=   23.00 metal=  0.0097  0.0185  0.0255  0.0299  0.0315  0.0300  0.0255  0.0185  0.0098 
time step=   93 t=   23.25 metal=  0.0095  0.0180  0.0248  0.0292  0.0307  0.0292  0.0249  0.0181  0.0095 
time step=   94 t=   23.50 metal=  0.0092  0.0176  0.0242  0.0285  0.0300  0.0285  0.0243  0.0176  0.0093 
time step=   95 t=   23.75 metal=  0.0090  0.0172  0.0236  0.0278  0.0292  0.0278  0.0237  0.0172  0.0090 
time step=   96 t=   24.00 metal=  0.0088  0.0167  0.0231  0.0271  0.0285  0.0271  0.0231  0.0168  0.0088 
time step=   97 t=   24.25 metal=  0.0086  0.0163  0.0225  0.0265  0.0278  0.0265  0.0225  0.0164  0.0086 
time step=   98 t=   24.50 metal=  0.0084  0.0159  0.0219  0.0258  0.0271  0.0258  0.0220  0.0160  0.0084 
time step=   99 t=   24.75 metal=  0.0082  0.0156  0.0214  0.0252  0.0265  0.0252  0.0214  0.0156  0.0082 
time step=  100 t=   25.00 metal=  0.0080  0.0152  0.0209  0.0246  0.0258  0.0246  0.0209  0.0152  0.0080 
